Moscow (mo155): 2019-01-26 12:01:00
  Height  Frequency  Density
    km       MHz      cm^-3 

  89.745    0.200     495.0
  90.000    0.222     610.0
  95.000    1.378   23500.0
 100.000    1.781   39200.0
 105.000    1.990   49000.0
 110.000    2.056   52300.0
 115.000    2.008   49900.0
 118.414    1.917   45500.0
 120.000    1.917   45500.0
 125.000    1.917   45500.0
 126.829    1.917   45500.0
 130.000    1.969   48000.0
 135.000    2.052   52100.0
 135.243    2.056   52300.0
 140.000    2.245   62400.0
 145.000    2.405   71600.0
 150.000    2.561   81200.0
 155.000    2.724   91800.0
 160.000    2.900  104000.0
 165.000    3.101  119000.0
 170.000    3.338  138000.0
 175.000    3.626  163000.0
 180.000    3.967  195000.0
 185.000    4.304  229000.0
 190.000    4.550  256000.0
 195.000    4.673  270000.0
 197.744    4.690  272000.0
 200.000    4.685  272000.0
 205.000    4.645  267000.0
 210.000    4.567  258000.0
 215.000    4.460  246000.0
 220.000    4.328  232000.0
 225.000    4.178  216000.0
 230.000    4.015  200000.0
 235.000    3.843  183000.0
 240.000    3.666  166000.0
 245.000    3.486  150000.0
 250.000    3.306  135000.0
 255.000    3.129  121000.0
 260.000    2.955  108000.0
 265.000    2.786   96100.0
 270.000    2.623   85100.0
 275.000    2.466   75300.0
 280.000    2.316   66400.0
 285.000    2.172   58400.0
 290.000    2.036   51300.0
 295.000    1.908   45000.0
 300.000    1.786   39500.0
 305.000    1.671   34600.0
 310.000    1.562   30200.0
 315.000    1.460   26400.0
 320.000    1.365   23100.0
 325.000    1.275   20100.0
 330.000    1.190   17500.0
 335.000    1.111   15300.0
 340.000    1.037   13300.0
 345.000    0.968   11600.0
 350.000    0.903   10100.0
 355.000    0.843    8790.0
 360.000    0.786    7650.0
 365.000    0.733    6660.0
 370.000    0.684    5790.0
 375.000    0.638    5040.0
 380.000    0.595    4380.0
 385.000    0.555    3810.0
 390.000    0.517    3310.0
 395.000    0.482    2880.0
 400.000    0.450    2500.0
 405.000    0.419    2180.0
 410.000    0.391    1890.0
 415.000    0.364    1640.0
 420.000    0.340    1430.0
 425.000    0.317    1240.0
 430.000    0.295    1080.0
 435.000    0.275     938.0
 440.000    0.257     815.0
 445.000    0.239     708.0
 450.000    0.223     615.0
 455.000    0.208     535.0
===
Moscow (mo155): 2019-01-26 12:16:00
  Height  Frequency  Density
    km       MHz      cm^-3 

  90.000    0.200     495.0
  95.000    1.593   31400.0
 100.000    1.939   46600.0
 101.964    1.967   47900.0
 105.000    1.951   47100.0
 110.000    1.851   42400.0
 110.786    1.827   41300.0
 115.000    1.827   41300.0
 119.607    1.827   41300.0
 120.000    1.833   41600.0
 125.000    1.913   45300.0
 128.429    1.967   47900.0
 130.000    2.009   49900.0
 135.000    2.131   56200.0
 140.000    2.252   62800.0
 145.000    2.383   70300.0
 150.000    2.532   79400.0
 155.000    2.713   91100.0
 160.000    2.942  107000.0
 165.000    3.227  129000.0
 170.000    3.529  154000.0
 175.000    3.801  179000.0
 180.000    4.038  202000.0
 185.000    4.248  223000.0
 190.000    4.435  243000.0
 195.000    4.549  256000.0
 195.490    4.550  256000.0
 200.000    4.534  254000.0
 205.000    4.481  249000.0
 210.000    4.397  239000.0
 215.000    4.288  228000.0
 220.000    4.158  214000.0
 225.000    4.014  199000.0
 230.000    3.859  184000.0
 235.000    3.696  169000.0
 240.000    3.529  154000.0
 245.000    3.360  140000.0
 250.000    3.191  126000.0
 255.000    3.025  113000.0
 260.000    2.862  101000.0
 265.000    2.704   90500.0
 270.000    2.550   80500.0
 275.000    2.403   71500.0
 280.000    2.261   63300.0
 285.000    2.126   56000.0
 290.000    1.998   49400.0
 295.000    1.875   43500.0
 300.000    1.760   38300.0
 305.000    1.650   33700.0
 310.000    1.547   29600.0
 315.000    1.449   26000.0
 320.000    1.357   22800.0
 325.000    1.271   20000.0
 330.000    1.189   17500.0
 335.000    1.113   15300.0
 340.000    1.041   13400.0
 345.000    0.974   11800.0
 350.000    0.911   10300.0
 355.000    0.852    8990.0
 360.000    0.797    7860.0
 365.000    0.745    6870.0
 370.000    0.696    6010.0
 375.000    0.651    5250.0
 380.000    0.609    4590.0
 385.000    0.569    4010.0
 390.000    0.532    3500.0
 395.000    0.497    3060.0
 400.000    0.464    2670.0
 405.000    0.434    2330.0
 410.000    0.405    2040.0
 415.000    0.379    1780.0
 420.000    0.354    1550.0
 425.000    0.331    1360.0
 430.000    0.309    1180.0
 435.000    0.289    1030.0
 440.000    0.270     902.0
 445.000    0.252     787.0
 450.000    0.236     687.0
 455.000    0.220     600.0
 460.000    0.206     524.0
===
Moscow (mo155): 2019-01-26 12:31:00
  Height  Frequency  Density
    km       MHz      cm^-3 

  89.788    0.200     495.0
  90.000    0.218     590.0
  95.000    1.277   20200.0
 100.000    1.651   33700.0
 105.000    1.845   42100.0
 110.000    1.906   45000.0
 115.000    1.865   43100.0
 119.307    1.762   38400.0
 120.000    1.762   38400.0
 125.000    1.762   38400.0
 128.613    1.762   38400.0
 130.000    1.783   39400.0
 135.000    1.861   42900.0
 137.920    1.906   45000.0
 140.000    1.977   48400.0
 145.000    2.121   55700.0
 150.000    2.255   63000.0
 155.000    2.393   70900.0
 160.000    2.541   80000.0
 165.000    2.708   90800.0
 170.000    2.902  104000.0
 175.000    3.135  122000.0
 180.000    3.409  144000.0
 185.000    3.695  169000.0
 190.000    3.938  192000.0
 195.000    4.118  210000.0
 200.000    4.239  222000.0
 205.000    4.310  230000.0
 210.000    4.339  233000.0
 211.034    4.340  233000.0
 215.000    4.333  232000.0
 220.000    4.305  229000.0
 225.000    4.257  224000.0
 230.000    4.193  218000.0
 235.000    4.115  210000.0
 240.000    4.025  201000.0
 245.000    3.926  191000.0
 250.000    3.818  181000.0
 255.000    3.705  170000.0
 260.000    3.587  159000.0
 265.000    3.466  149000.0
 270.000    3.344  138000.0
 275.000    3.220  128000.0
 280.000    3.097  119000.0
 285.000    2.974  110000.0
 290.000    2.853  101000.0
 295.000    2.734   92600.0
 300.000    2.618   84800.0
 305.000    2.504   77600.0
 310.000    2.394   70900.0
 315.000    2.287   64700.0
 320.000    2.183   59000.0
 325.000    2.083   53700.0
 330.000    1.986   48800.0
 335.000    1.893   44400.0
 340.000    1.804   40300.0
 345.000    1.718   36500.0
 350.000    1.635   33100.0
 355.000    1.557   30000.0
 360.000    1.481   27200.0
 365.000    1.409   24600.0
 370.000    1.340   22200.0
 375.000    1.275   20100.0
 380.000    1.212   18200.0
 385.000    1.152   16400.0
 390.000    1.095   14800.0
 395.000    1.041   13400.0
 400.000    0.989   12100.0
 405.000    0.939   10900.0
 410.000    0.893    9860.0
 415.000    0.848    8900.0
 420.000    0.805    8030.0
 425.000    0.765    7240.0
 430.000    0.727    6540.0
 435.000    0.690    5890.0
 440.000    0.655    5320.0
 445.000    0.622    4790.0
 450.000    0.591    4320.0
 455.000    0.561    3900.0
 460.000    0.533    3510.0
 465.000    0.506    3170.0
 470.000    0.480    2860.0
 475.000    0.456    2570.0
 480.000    0.433    2320.0
 485.000    0.411    2090.0
 490.000    0.390    1890.0
 495.000    0.370    1700.0
 500.000    0.352    1530.0
 505.000    0.334    1380.0
 510.000    0.317    1240.0
 515.000    0.301    1120.0
 520.000    0.286    1010.0
 525.000    0.271     910.0
 530.000    0.257     820.0
 535.000    0.244     739.0
 540.000    0.232     666.0
 545.000    0.220     600.0
 550.000    0.209     541.0
===
Moscow (mo155): 2019-01-26 12:46:00
  Height  Frequency  Density
    km       MHz      cm^-3 

  89.759    0.200     495.0
  90.000    0.221     603.0
  95.000    1.342   22300.0
 100.000    1.734   37200.0
 105.000    1.937   46500.0
 110.000    2.002   49600.0
 115.000    1.961   47600.0
 119.889    1.839   41900.0
 120.000    1.839   41900.0
 125.000    1.839   41900.0
 129.778    1.839   41900.0
 130.000    1.843   42000.0
 135.000    1.925   45900.0
 139.667    2.002   49600.0
 140.000    2.009   49900.0
 145.000    2.117   55500.0
 150.000    2.249   62600.0
 155.000    2.412   72000.0
 160.000    2.615   84700.0
 165.000    2.869  102000.0
 170.000    3.179  125000.0
 175.000    3.522  154000.0
 180.000    3.830  182000.0
 185.000    4.051  203000.0
 190.000    4.191  217000.0
 195.000    4.265  225000.0
 199.644    4.287  228000.0
 200.000    4.287  228000.0
 205.000    4.270  226000.0
 210.000    4.225  221000.0
 215.000    4.156  214000.0
 220.000    4.068  205000.0
 225.000    3.964  194000.0
 230.000    3.847  183000.0
 235.000    3.720  171000.0
 240.000    3.586  159000.0
 245.000    3.447  147000.0
 250.000    3.306  135000.0
 255.000    3.163  124000.0
 260.000    3.021  113000.0
 265.000    2.880  103000.0
 270.000    2.742   93100.0
 275.000    2.607   84100.0
 280.000    2.475   75900.0
 285.000    2.348   68300.0
 290.000    2.225   61300.0
 295.000    2.107   55000.0
 300.000    1.994   49200.0
 305.000    1.885   44000.0
 310.000    1.782   39300.0
 315.000    1.683   35100.0
 320.000    1.589   31300.0
 325.000    1.500   27800.0
 330.000    1.415   24800.0
 335.000    1.335   22100.0
 340.000    1.258   19600.0
 345.000    1.186   17400.0
 350.000    1.118   15500.0
 355.000    1.054   13700.0
 360.000    0.993   12200.0
 365.000    0.935   10800.0
 370.000    0.881    9600.0
 375.000    0.829    8520.0
 380.000    0.781    7550.0
 385.000    0.735    6700.0
 390.000    0.692    5940.0
 395.000    0.652    5260.0
 400.000    0.614    4660.0
 405.000    0.578    4130.0
 410.000    0.544    3660.0
 415.000    0.512    3240.0
 420.000    0.482    2870.0
 425.000    0.453    2550.0
 430.000    0.427    2250.0
 435.000    0.402    2000.0
 440.000    0.378    1770.0
 445.000    0.356    1570.0
 450.000    0.335    1390.0
 455.000    0.315    1230.0
 460.000    0.296    1090.0
 465.000    0.279     963.0
 470.000    0.262     853.0
 475.000    0.247     755.0
 480.000    0.232     669.0
 485.000    0.219     592.0
 490.000    0.206     524.0
===
Moscow (mo155): 2019-01-26 13:01:00
  Height  Frequency  Density
    km       MHz      cm^-3 

  89.854    0.200     495.0
  90.000    0.213     560.0
  95.000    1.140   16100.0
 100.000    1.475   26900.0
 105.000    1.648   33600.0
 110.000    1.703   35900.0
 115.000    1.670   34500.0
 120.000    1.568   30400.0
 120.598    1.551   29800.0
 125.000    1.551   29800.0
 130.000    1.551   29800.0
 131.195    1.551   29800.0
 135.000    1.606   31900.0
 140.000    1.677   34800.0
 141.793    1.703   35900.0
 145.000    1.828   41400.0
 150.000    1.991   49100.0
 155.000    2.152   57300.0
 160.000    2.325   66900.0
 165.000    2.521   78700.0
 170.000    2.745   93300.0
 175.000    2.998  111000.0
 180.000    3.262  132000.0
 185.000    3.514  153000.0
 190.000    3.737  173000.0
 195.000    3.925  191000.0
 200.000    4.076  206000.0
 205.000    4.186  217000.0
 210.000    4.252  224000.0
 214.209    4.270  226000.0
 215.000    4.270  226000.0
 220.000    4.255  224000.0
 225.000    4.219  220000.0
 230.000    4.166  215000.0
 235.000    4.097  208000.0
 240.000    4.015  200000.0
 245.000    3.922  190000.0
 250.000    3.820  181000.0
 255.000    3.711  170000.0
 260.000    3.596  160000.0
 265.000    3.478  150000.0
 270.000    3.358  140000.0
 275.000    3.236  130000.0
 280.000    3.113  120000.0
 285.000    2.992  111000.0
 290.000    2.871  102000.0
 295.000    2.752   93800.0
 300.000    2.635   86000.0
 305.000    2.521   78700.0
 310.000    2.410   71900.0
 315.000    2.302   65600.0
 320.000    2.198   59800.0
 325.000    2.097   54400.0
 330.000    2.000   49500.0
 335.000    1.906   45000.0
 340.000    1.815   40800.0
 345.000    1.729   37000.0
 350.000    1.646   33500.0
 355.000    1.566   30400.0
 360.000    1.490   27500.0
 365.000    1.417   24900.0
 370.000    1.348   22500.0
 375.000    1.281   20300.0
 380.000    1.218   18400.0
 385.000    1.157   16600.0
 390.000    1.100   15000.0
 395.000    1.045   13500.0
 400.000    0.993   12200.0
 405.000    0.943   11000.0
 410.000    0.895    9930.0
 415.000    0.850    8950.0
 420.000    0.807    8070.0
 425.000    0.767    7280.0
 430.000    0.728    6560.0
 435.000    0.691    5910.0
 440.000    0.656    5330.0
 445.000    0.623    4800.0
 450.000    0.591    4330.0
 455.000    0.561    3900.0
 460.000    0.533    3510.0
 465.000    0.506    3170.0
 470.000    0.480    2850.0
 475.000    0.456    2570.0
 480.000    0.432    2310.0
 485.000    0.410    2080.0
 490.000    0.389    1880.0
 495.000    0.370    1690.0
 500.000    0.351    1520.0
 505.000    0.333    1370.0
 510.000    0.316    1240.0
 515.000    0.300    1110.0
 520.000    0.285    1000.0
 525.000    0.270     902.0
 530.000    0.256     813.0
 535.000    0.243     732.0
 540.000    0.231     659.0
 545.000    0.219     594.0
 550.000    0.208     534.0
===
Moscow (mo155): 2019-01-26 13:16:00
  Height  Frequency  Density
    km       MHz      cm^-3 

  89.848    0.200     495.0
  90.000    0.213     562.0
  95.000    1.152   16400.0
 100.000    1.491   27500.0
 105.000    1.667   34400.0
 110.000    1.722   36700.0
 115.000    1.690   35400.0
 120.000    1.592   31400.0
 121.480    1.549   29700.0
 125.000    1.549   29700.0
 130.000    1.549   29700.0
 132.960    1.549   29700.0
 135.000    1.580   30900.0
 140.000    1.655   33900.0
 144.440    1.722   36700.0
 145.000    1.738   37400.0
 150.000    1.868   43200.0
 155.000    1.998   49400.0
 160.000    2.144   56900.0
 165.000    2.324   66900.0
 170.000    2.578   82300.0
 175.000    2.993  111000.0
 180.000    3.489  151000.0
 185.000    3.850  183000.0
 190.000    4.084  206000.0
 192.844    4.130  211000.0
 195.000    4.122  210000.0
 200.000    4.048  203000.0
 205.000    3.913  190000.0
 210.000    3.733  173000.0
 215.000    3.524  154000.0
 220.000    3.298  135000.0
 225.000    3.066  116000.0
 230.000    2.833   99400.0
 235.000    2.606   84100.0
 240.000    2.388   70600.0
 245.000    2.182   59000.0
 250.000    1.989   49000.0
 255.000    1.809   40500.0
 260.000    1.643   33400.0
 265.000    1.490   27500.0
 270.000    1.349   22500.0
 275.000    1.221   18500.0
 280.000    1.105   15100.0
 285.000    0.998   12300.0
 290.000    0.902   10100.0
 295.000    0.815    8220.0
 300.000    0.736    6700.0
 305.000    0.664    5460.0
 310.000    0.599    4440.0
 315.000    0.541    3620.0
 320.000    0.488    2940.0
 325.000    0.440    2400.0
 330.000    0.397    1950.0
 335.000    0.358    1590.0
 340.000    0.323    1290.0
 345.000    0.291    1050.0
 350.000    0.262     853.0
 355.000    0.237     693.0
 360.000    0.213     564.0
===
Moscow (mo155): 2019-01-26 13:31:00
  Height  Frequency  Density
    km       MHz      cm^-3 

  89.964    0.200     495.0
  90.000    0.203     511.0
  95.000    0.961   11400.0
 100.000    1.246   19200.0
 105.000    1.392   24000.0
 110.000    1.438   25600.0
 115.000    1.412   24700.0
 120.000    1.334   22000.0
 122.619    1.269   19900.0
 125.000    1.269   19900.0
 130.000    1.269   19900.0
 135.000    1.269   19900.0
 135.238    1.269   19900.0
 140.000    1.333   22000.0
 145.000    1.400   24300.0
 147.857    1.438   25600.0
 150.000    1.528   28900.0
 155.000    1.747   37800.0
 160.000    2.022   50600.0
 165.000    2.348   68200.0
 170.000    2.638   86200.0
 175.000    2.873  102000.0
 180.000    3.071  117000.0
 185.000    3.246  130000.0
 190.000    3.405  144000.0
 195.000    3.553  156000.0
 200.000    3.690  169000.0
 205.000    3.803  179000.0
 209.597    3.850  184000.0
 210.000    3.850  183000.0
 215.000    3.835  182000.0
 220.000    3.796  178000.0
 225.000    3.738  173000.0
 230.000    3.662  166000.0
 235.000    3.573  158000.0
 240.000    3.472  149000.0
 245.000    3.363  140000.0
 250.000    3.247  130000.0
 255.000    3.126  121000.0
 260.000    3.003  112000.0
 265.000    2.879  103000.0
 270.000    2.755   93900.0
 275.000    2.631   85700.0
 280.000    2.510   78000.0
 285.000    2.390   70700.0
 290.000    2.274   64000.0
 295.000    2.161   57800.0
 300.000    2.052   52100.0
 305.000    1.947   46900.0
 310.000    1.846   42200.0
 315.000    1.749   37900.0
 320.000    1.656   33900.0
 325.000    1.567   30400.0
 330.000    1.482   27200.0
 335.000    1.402   24300.0
 340.000    1.325   21700.0
 345.000    1.252   19400.0
 350.000    1.183   17300.0
 355.000    1.117   15400.0
 360.000    1.055   13800.0
 365.000    0.996   12300.0
 370.000    0.940   10900.0
 375.000    0.887    9730.0
 380.000    0.837    8670.0
 385.000    0.789    7710.0
 390.000    0.745    6860.0
 395.000    0.702    6110.0
 400.000    0.662    5430.0
 405.000    0.625    4830.0
 410.000    0.589    4300.0
 415.000    0.556    3820.0
 420.000    0.524    3400.0
 425.000    0.494    3020.0
 430.000    0.466    2690.0
 435.000    0.439    2390.0
 440.000    0.414    2120.0
 445.000    0.390    1890.0
 450.000    0.368    1680.0
 455.000    0.347    1490.0
 460.000    0.327    1320.0
 465.000    0.308    1180.0
 470.000    0.291    1040.0
 475.000    0.274     928.0
 480.000    0.258     825.0
 485.000    0.243     733.0
 490.000    0.229     651.0
 495.000    0.216     579.0
 500.000    0.204     514.0
===
Moscow (mo155): 2019-01-26 13:46:00
  Height  Frequency  Density
    km       MHz      cm^-3 

  90.047    0.200     495.0
  95.000    0.857    9090.0
 100.000    1.112   15300.0
 105.000    1.243   19100.0
 110.000    1.284   20400.0
 115.000    1.262   19700.0
 120.000    1.194   17600.0
 124.185    1.097   14900.0
 125.000    1.097   14900.0
 130.000    1.097   14900.0
 135.000    1.097   14900.0
 138.370    1.097   14900.0
 140.000    1.118   15500.0
 145.000    1.184   17400.0
 150.000    1.250   19400.0
 152.555    1.284   20400.0
 155.000    1.368   23200.0
 160.000    1.532   29100.0
 165.000    1.702   35900.0
 170.000    1.890   44200.0
 175.000    2.107   55000.0
 180.000    2.372   69600.0
 185.000    2.679   88800.0
 190.000    2.965  109000.0
 195.000    3.175  125000.0
 200.000    3.318  136000.0
 205.000    3.414  144000.0
 210.000    3.478  150000.0
 215.000    3.517  153000.0
 220.000    3.534  155000.0
 221.702    3.535  155000.0
 225.000    3.531  154000.0
 230.000    3.513  153000.0
 235.000    3.481  150000.0
 240.000    3.436  146000.0
 245.000    3.381  141000.0
 250.000    3.316  136000.0
 255.000    3.244  130000.0
 260.000    3.165  124000.0
 265.000    3.081  118000.0
 270.000    2.994  111000.0
 275.000    2.903  104000.0
 280.000    2.811   97800.0
 285.000    2.717   91400.0
 290.000    2.623   85200.0
 295.000    2.529   79200.0
 300.000    2.435   73400.0
 305.000    2.343   67900.0
 310.000    2.252   62800.0
 315.000    2.162   57900.0
 320.000    2.075   53300.0
 325.000    1.990   49000.0
 330.000    1.907   45000.0
 335.000    1.826   41300.0
 340.000    1.748   37800.0
 345.000    1.672   34600.0
 350.000    1.599   31700.0
 355.000    1.529   28900.0
 360.000    1.461   26400.0
 365.000    1.396   24100.0
 370.000    1.333   22000.0
 375.000    1.273   20100.0
 380.000    1.215   18300.0
 385.000    1.160   16700.0
 390.000    1.107   15200.0
 395.000    1.056   13800.0
 400.000    1.007   12600.0
 405.000    0.960   11400.0
 410.000    0.916   10400.0
 415.000    0.873    9440.0
 420.000    0.833    8580.0
 425.000    0.794    7800.0
 430.000    0.757    7090.0
 435.000    0.721    6440.0
 440.000    0.687    5850.0
 445.000    0.655    5310.0
 450.000    0.624    4820.0
 455.000    0.595    4380.0
 460.000    0.567    3980.0
 465.000    0.540    3610.0
 470.000    0.514    3280.0
 475.000    0.490    2970.0
 480.000    0.467    2700.0
 485.000    0.445    2450.0
 490.000    0.424    2220.0
 495.000    0.404    2020.0
 500.000    0.384    1830.0
 505.000    0.366    1660.0
 510.000    0.349    1510.0
 515.000    0.332    1370.0
 520.000    0.317    1240.0
 525.000    0.301    1130.0
 530.000    0.287    1020.0
 535.000    0.274     926.0
 540.000    0.261     840.0
 545.000    0.248     762.0
 550.000    0.236     691.0
 555.000    0.225     627.0
 560.000    0.214     569.0
 565.000    0.204     516.0
===
Moscow (mo155): 2019-01-26 14:01:00
  Height  Frequency  Density
    km       MHz      cm^-3 

  90.157    0.200     495.0
  95.000    0.749    6950.0
 100.000    0.974   11700.0
 105.000    1.088   14700.0
 110.000    1.124   15600.0
 115.000    1.105   15100.0
 120.000    1.046   13600.0
 125.000    0.942   11000.0
 126.619    0.896    9940.0
 130.000    0.896    9940.0
 135.000    0.896    9940.0
 140.000    0.896    9940.0
 143.237    0.896    9940.0
 145.000    0.920   10500.0
 150.000    0.989   12100.0
 155.000    1.057   13800.0
 159.856    1.124   15600.0
 160.000    1.131   15800.0
 165.000    1.330   21900.0
 170.000    1.519   28600.0
 175.000    1.731   37100.0
 180.000    1.975   48300.0
 185.000    2.239   62100.0
 190.000    2.499   77300.0
 195.000    2.740   92900.0
 200.000    2.955  108000.0
 205.000    3.140  122000.0
 210.000    3.282  133000.0
 215.000    3.356  139000.0
 216.482    3.360  140000.0
 220.000    3.351  139000.0
 225.000    3.312  136000.0
 230.000    3.246  130000.0
 235.000    3.159  124000.0
 240.000    3.055  116000.0
 245.000    2.938  107000.0
 250.000    2.813   98000.0
 255.000    2.682   89100.0
 260.000    2.549   80400.0
 265.000    2.415   72200.0
 270.000    2.282   64400.0
 275.000    2.151   57300.0
 280.000    2.024   50700.0
 285.000    1.901   44800.0
 290.000    1.784   39400.0
 295.000    1.671   34600.0
 300.000    1.564   30300.0
 305.000    1.462   26500.0
 310.000    1.366   23100.0
 315.000    1.275   20100.0
 320.000    1.190   17500.0
 325.000    1.110   15200.0
 330.000    1.035   13200.0
 335.000    0.964   11500.0
 340.000    0.898    9980.0
 345.000    0.836    8650.0
 350.000    0.778    7500.0
 355.000    0.725    6500.0
 360.000    0.674    5630.0
 365.000    0.627    4870.0
 370.000    0.584    4220.0
 375.000    0.543    3650.0
 380.000    0.505    3160.0
 385.000    0.470    2730.0
 390.000    0.437    2360.0
 395.000    0.406    2040.0
 400.000    0.378    1770.0
 405.000    0.351    1530.0
 410.000    0.326    1320.0
 415.000    0.303    1140.0
 420.000    0.282     986.0
 425.000    0.262     852.0
 430.000    0.244     736.0
 435.000    0.227     636.0
 440.000    0.211     550.0
===
Moscow (mo155): 2019-01-26 14:16:00
  Height  Frequency  Density
    km       MHz      cm^-3 

  90.308    0.200     495.0
  95.000    0.643    5120.0
 100.000    0.837    8680.0
 105.000    0.935   10800.0
 110.000    0.966   11600.0
 115.000    0.950   11200.0
 120.000    0.901   10100.0
 125.000    0.815    8220.0
 130.000    0.676    5650.0
 131.317    0.626    4850.0
 135.000    0.626    4850.0
 140.000    0.626    4850.0
 145.000    0.626    4850.0
 150.000    0.626    4850.0
 152.633    0.626    4850.0
 155.000    0.664    5450.0
 160.000    0.743    6840.0
 165.000    0.823    8390.0
 170.000    0.903   10100.0
 173.950    0.966   11600.0
 175.000    0.998   12300.0
 180.000    1.192   17600.0
 185.000    1.426   25200.0
 190.000    1.670   34500.0
 195.000    1.927   46000.0
 200.000    2.204   60100.0
 205.000    2.488   76600.0
 210.000    2.743   93100.0
 215.000    2.941  107000.0
 220.000    3.085  118000.0
 225.000    3.186  126000.0
 230.000    3.256  131000.0
 235.000    3.299  135000.0
 240.000    3.321  137000.0
 242.986    3.325  137000.0
 245.000    3.324  137000.0
 250.000    3.310  136000.0
 255.000    3.283  133000.0
 260.000    3.243  130000.0
 265.000    3.193  126000.0
 270.000    3.134  122000.0
 275.000    3.067  116000.0
 280.000    2.995  111000.0
 285.000    2.917  105000.0
 290.000    2.835   99500.0
 295.000    2.750   93600.0
 300.000    2.663   87800.0
 305.000    2.575   82100.0
 310.000    2.486   76500.0
 315.000    2.397   71100.0
 320.000    2.308   66000.0
 325.000    2.221   61100.0
 330.000    2.135   56400.0
 335.000    2.050   52000.0
 340.000    1.967   47900.0
 345.000    1.886   44000.0
 350.000    1.807   40400.0
 355.000    1.731   37100.0
 360.000    1.657   34000.0
 365.000    1.585   31100.0
 370.000    1.516   28400.0
 375.000    1.449   26000.0
 380.000    1.385   23700.0
 385.000    1.323   21700.0
 390.000    1.263   19800.0
 395.000    1.206   18000.0
 400.000    1.151   16400.0
 405.000    1.098   14900.0
 410.000    1.048   13600.0
 415.000    1.000   12400.0
 420.000    0.953   11300.0
 425.000    0.909   10200.0
 430.000    0.867    9300.0
 435.000    0.826    8450.0
 440.000    0.788    7680.0
 445.000    0.751    6980.0
 450.000    0.716    6340.0
 455.000    0.682    5760.0
 460.000    0.650    5230.0
 465.000    0.619    4750.0
 470.000    0.590    4310.0
 475.000    0.562    3910.0
 480.000    0.535    3550.0
 485.000    0.510    3220.0
 490.000    0.486    2920.0
 495.000    0.463    2650.0
 500.000    0.441    2410.0
 505.000    0.420    2180.0
 510.000    0.400    1980.0
 515.000    0.381    1800.0
 520.000    0.363    1630.0
 525.000    0.346    1480.0
 530.000    0.329    1340.0
 535.000    0.313    1220.0
 540.000    0.299    1100.0
 545.000    0.284    1000.0
 550.000    0.271     907.0
 555.000    0.258     823.0
 560.000    0.246     746.0
 565.000    0.234     677.0
 570.000    0.223     614.0
 575.000    0.212     557.0
 580.000    0.202     505.0
===
Moscow (mo155): 2019-01-26 14:31:00
  Height  Frequency  Density
    km       MHz      cm^-3 

  90.516    0.200     495.0
  95.000    0.544    3660.0
 100.000    0.709    6220.0
 105.000    0.792    7760.0
 110.000    0.818    8280.0
 115.000    0.805    8030.0
 120.000    0.766    7260.0
 125.000    0.696    6000.0
 130.000    0.584    4230.0
 133.333    0.471    2750.0
 135.000    0.471    2750.0
 140.000    0.471    2750.0
 145.000    0.471    2750.0
 150.000    0.471    2750.0
 155.000    0.471    2750.0
 156.667    0.471    2750.0
 160.000    0.521    3350.0
 165.000    0.595    4380.0
 170.000    0.669    5550.0
 175.000    0.744    6850.0
 180.000    0.818    8280.0
 185.000    1.007   12600.0
 190.000    1.277   20200.0
 195.000    1.644   33500.0
 200.000    2.173   58500.0
 205.000    2.650   87000.0
 210.000    2.912  105000.0
 215.000    3.066  116000.0
 220.000    3.162  124000.0
 225.000    3.221  128000.0
 230.000    3.250  131000.0
 233.227    3.255  131000.0
 235.000    3.254  131000.0
 240.000    3.234  130000.0
 245.000    3.195  126000.0
 250.000    3.139  122000.0
 255.000    3.069  117000.0
 260.000    2.987  110000.0
 265.000    2.897  104000.0
 270.000    2.799   97000.0
 275.000    2.697   90100.0
 280.000    2.592   83200.0
 285.000    2.485   76400.0
 290.000    2.377   69900.0
 295.000    2.269   63800.0
 300.000    2.163   57900.0
 305.000    2.059   52500.0
 310.000    1.958   47500.0
 315.000    1.859   42800.0
 320.000    1.764   38500.0
 325.000    1.671   34600.0
 330.000    1.583   31000.0
 335.000    1.498   27800.0
 340.000    1.417   24800.0
 345.000    1.339   22200.0
 350.000    1.265   19800.0
 355.000    1.195   17700.0
 360.000    1.128   15700.0
 365.000    1.064   14000.0
 370.000    1.004   12500.0
 375.000    0.947   11100.0
 380.000    0.893    9870.0
 385.000    0.842    8770.0
 390.000    0.793    7790.0
 395.000    0.748    6920.0
 400.000    0.705    6150.0
 405.000    0.664    5450.0
 410.000    0.625    4840.0
 415.000    0.589    4290.0
 420.000    0.555    3810.0
 425.000    0.522    3380.0
 430.000    0.492    3000.0
 435.000    0.463    2660.0
 440.000    0.436    2360.0
 445.000    0.411    2090.0
 450.000    0.387    1850.0
 455.000    0.364    1640.0
 460.000    0.343    1450.0
 465.000    0.323    1290.0
 470.000    0.304    1140.0
 475.000    0.286    1010.0
 480.000    0.269     897.0
 485.000    0.253     795.0
 490.000    0.239     704.0
 495.000    0.225     624.0
 500.000    0.211     553.0
===
Moscow (mo155): 2019-01-26 14:46:00
  Height  Frequency  Density
    km       MHz      cm^-3 

  90.803    0.200     495.0
  95.000    0.456    2580.0
 100.000    0.596    4400.0
 105.000    0.666    5490.0
 110.000    0.688    5860.0
 115.000    0.677    5670.0
 120.000    0.643    5120.0
 125.000    0.583    4200.0
 130.000    0.485    2920.0
 132.167    0.425    2240.0
 135.000    0.425    2240.0
 140.000    0.425    2240.0
 145.000    0.425    2240.0
 150.000    0.425    2240.0
 154.333    0.425    2240.0
 155.000    0.433    2320.0
 160.000    0.492    3000.0
 165.000    0.552    3770.0
 170.000    0.611    4620.0
 175.000    0.670    5560.0
 176.500    0.688    5860.0
 180.000    0.888    9760.0
 185.000    1.249   19300.0
 190.000    1.675   34700.0
 195.000    2.118   55500.0
 200.000    2.501   77400.0
 205.000    2.771   95100.0
 210.000    2.914  105000.0
 213.230    2.940  107000.0
 215.000    2.936  107000.0
 220.000    2.881  103000.0
 225.000    2.778   95500.0
 230.000    2.639   86200.0
 235.000    2.479   76100.0
 240.000    2.306   65800.0
 245.000    2.130   56200.0
 250.000    1.955   47300.0
 255.000    1.786   39500.0
 260.000    1.625   32700.0
 265.000    1.475   26900.0
 270.000    1.334   22000.0
 275.000    1.205   18000.0
 280.000    1.087   14600.0
 285.000    0.979   11900.0
 290.000    0.880    9600.0
 295.000    0.791    7750.0
 300.000    0.711    6260.0
 305.000    0.638    5040.0
 310.000    0.573    4060.0
 315.000    0.514    3270.0
 320.000    0.461    2630.0
 325.000    0.413    2110.0
 330.000    0.370    1700.0
 335.000    0.332    1370.0
 340.000    0.298    1100.0
 345.000    0.267     881.0
 350.000    0.239     707.0
 355.000    0.214     568.0
===
Moscow (mo155): 2019-01-26 15:01:00
  Height  Frequency  Density
    km       MHz      cm^-3 

  91.196    0.200     495.0
  95.000    0.383    1810.0
 100.000    0.501    3100.0
 105.000    0.560    3880.0
 110.000    0.578    4140.0
 115.000    0.568    4000.0
 120.000    0.539    3590.0
 125.000    0.485    2920.0
 128.667    0.426    2250.0
 130.000    0.426    2250.0
 135.000    0.426    2250.0
 140.000    0.426    2250.0
 145.000    0.426    2250.0
 147.333    0.426    2250.0
 150.000    0.448    2480.0
 155.000    0.488    2950.0
 160.000    0.529    3470.0
 165.000    0.570    4020.0
 166.000    0.578    4140.0
 170.000    0.698    6030.0
 175.000    0.846    8860.0
 180.000    1.079   14400.0
 185.000    1.431   25300.0
 190.000    1.687   35200.0
 195.000    1.865   43000.0
 200.000    2.000   49500.0
 205.000    2.106   54900.0
 210.000    2.187   59200.0
 215.000    2.243   62300.0
 220.000    2.271   63900.0
 222.594    2.275   64100.0
 225.000    2.273   64000.0
 230.000    2.258   63100.0
 235.000    2.228   61500.0
 240.000    2.188   59200.0
 245.000    2.137   56500.0
 250.000    2.079   53500.0
 255.000    2.014   50200.0
 260.000    1.945   46900.0
 265.000    1.873   43400.0
 270.000    1.799   40100.0
 275.000    1.724   36800.0
 280.000    1.648   33600.0
 285.000    1.573   30600.0
 290.000    1.499   27800.0
 295.000    1.426   25200.0
 300.000    1.355   22700.0
 305.000    1.286   20500.0
 310.000    1.219   18400.0
 315.000    1.155   16500.0
 320.000    1.094   14800.0
 325.000    1.035   13300.0
 330.000    0.978   11800.0
 335.000    0.924   10600.0
 340.000    0.873    9430.0
 345.000    0.824    8410.0
 350.000    0.778    7490.0
 355.000    0.734    6660.0
 360.000    0.692    5930.0
 365.000    0.652    5270.0
 370.000    0.615    4680.0
 375.000    0.579    4160.0
 380.000    0.546    3690.0
 385.000    0.514    3280.0
 390.000    0.485    2910.0
 395.000    0.456    2580.0
 400.000    0.430    2290.0
 405.000    0.405    2030.0
 410.000    0.381    1800.0
 415.000    0.359    1590.0
 420.000    0.338    1410.0
 425.000    0.318    1250.0
 430.000    0.299    1110.0
 435.000    0.282     983.0
 440.000    0.265     871.0
 445.000    0.250     771.0
 450.000    0.235     683.0
 455.000    0.221     605.0
 460.000    0.208     536.0
===
Moscow (mo155): 2019-01-26 15:16:00
  Height  Frequency  Density
    km       MHz      cm^-3 


===
Moscow (mo155): 2019-01-26 15:31:00
  Height  Frequency  Density
    km       MHz      cm^-3 

  92.359    0.200     495.0
  95.000    0.280     972.0
 100.000    0.367    1670.0
 105.000    0.411    2090.0
 110.000    0.424    2230.0
 115.000    0.419    2180.0
 120.000    0.405    2030.0
 125.000    0.381    1800.0
 130.000    0.344    1460.0
 135.000    0.288    1030.0
 140.000    0.202     503.0
 140.075    0.200     495.0
 145.000    0.200     495.0
 150.000    0.200     495.0
 155.000    0.200     495.0
 160.000    0.200     495.0
 165.000    0.200     495.0
 170.000    0.200     495.0
 170.150    0.200     495.0
 175.000    0.236     690.0
 180.000    0.273     925.0
 185.000    0.311    1190.0
 190.000    0.348    1500.0
 195.000    0.385    1840.0
 200.000    0.422    2210.0
 200.225    0.424    2230.0
 205.000    0.517    3310.0
 210.000    0.622    4790.0
 215.000    0.744    6860.0
 220.000    0.880    9580.0
 225.000    1.019   12800.0
 230.000    1.154   16500.0
 235.000    1.283   20400.0
 240.000    1.406   24500.0
 245.000    1.523   28700.0
 250.000    1.634   33100.0
 255.000    1.739   37500.0
 260.000    1.834   41700.0
 265.000    1.912   45200.0
 270.000    1.956   47300.0
 272.021    1.960   47600.0
 275.000    1.957   47400.0
 280.000    1.940   46600.0
 285.000    1.910   45100.0
 290.000    1.868   43200.0
 295.000    1.818   40900.0
 300.000    1.760   38400.0
 305.000    1.698   35700.0
 310.000    1.632   33000.0
 315.000    1.563   30200.0
 320.000    1.493   27600.0
 325.000    1.423   25100.0
 330.000    1.353   22600.0
 335.000    1.284   20400.0
 340.000    1.216   18300.0
 345.000    1.151   16400.0
 350.000    1.087   14600.0
 355.000    1.026   13000.0
 360.000    0.968   11600.0
 365.000    0.912   10300.0
 370.000    0.858    9120.0
 375.000    0.807    8070.0
 380.000    0.759    7140.0
 385.000    0.714    6300.0
 390.000    0.670    5560.0
 395.000    0.629    4900.0
 400.000    0.591    4320.0
 405.000    0.554    3800.0
 410.000    0.520    3350.0
 415.000    0.488    2950.0
 420.000    0.457    2590.0
 425.000    0.429    2280.0
 430.000    0.402    2000.0
 435.000    0.377    1760.0
 440.000    0.353    1540.0
 445.000    0.331    1360.0
 450.000    0.310    1190.0
 455.000    0.291    1050.0
 460.000    0.272     917.0
 465.000    0.255     805.0
 470.000    0.239     707.0
 475.000    0.224     620.0
 480.000    0.210     544.0
===
Moscow (mo155): 2019-01-26 15:46:00
  Height  Frequency  Density
    km       MHz      cm^-3 


===
Moscow (mo155): 2019-01-26 16:01:00
  Height  Frequency  Density
    km       MHz      cm^-3 

  93.502    0.200     495.0
  95.000    0.234     677.0
 100.000    0.307    1160.0
 105.000    0.343    1450.0
 110.000    0.354    1550.0
 115.000    0.351    1520.0
 120.000    0.342    1450.0
 125.000    0.326    1310.0
 130.000    0.302    1130.0
 135.000    0.268     887.0
 140.000    0.219     593.0
 141.513    0.200     495.0
 145.000    0.200     495.0
 150.000    0.200     495.0
 155.000    0.200     495.0
 160.000    0.200     495.0
 165.000    0.200     495.0
 170.000    0.200     495.0
 173.027    0.200     495.0
 175.000    0.210     544.0
 180.000    0.234     678.0
 185.000    0.259     827.0
 190.000    0.283     991.0
 195.000    0.307    1170.0
 200.000    0.332    1360.0
 204.540    0.354    1550.0
 205.000    0.364    1640.0
 210.000    0.481    2870.0
 215.000    0.621    4780.0
 220.000    0.785    7630.0
 225.000    0.969   11600.0
 230.000    1.168   16900.0
 235.000    1.371   23300.0
 240.000    1.569   30500.0
 245.000    1.750   37900.0
 250.000    1.905   44900.0
 255.000    2.025   50800.0
 260.000    2.103   54700.0
 265.000    2.134   56400.0
 265.765    2.135   56400.0
 270.000    2.127   56000.0
 275.000    2.097   54400.0
 280.000    2.050   52000.0
 285.000    1.989   49000.0
 290.000    1.917   45500.0
 295.000    1.837   41800.0
 300.000    1.753   38000.0
 305.000    1.666   34300.0
 310.000    1.577   30800.0
 315.000    1.489   27400.0
 320.000    1.402   24300.0
 325.000    1.317   21500.0
 330.000    1.235   18900.0
 335.000    1.156   16500.0
 340.000    1.080   14500.0
 345.000    1.009   12600.0
 350.000    0.941   11000.0
 355.000    0.877    9520.0
 360.000    0.816    8250.0
 365.000    0.760    7140.0
 370.000    0.706    6180.0
 375.000    0.657    5340.0
 380.000    0.610    4610.0
 385.000    0.567    3980.0
 390.000    0.526    3430.0
 395.000    0.488    2950.0
 400.000    0.453    2540.0
 405.000    0.421    2190.0
 410.000    0.390    1890.0
 415.000    0.362    1620.0
 420.000    0.336    1400.0
 425.000    0.311    1200.0
 430.000    0.289    1030.0
 435.000    0.268     887.0
 440.000    0.248     763.0
 445.000    0.230     656.0
 450.000    0.213     563.0
===
Moscow (mo155): 2019-01-26 16:16:00
  Height  Frequency  Density
    km       MHz      cm^-3 


===
Moscow (mo155): 2019-01-26 16:31:00
  Height  Frequency  Density
    km       MHz      cm^-3 


===
Moscow (mo155): 2019-01-26 16:46:00
  Height  Frequency  Density
    km       MHz      cm^-3 

  93.502    0.200     495.0
  95.000    0.234     677.0
 100.000    0.307    1160.0
 105.000    0.343    1450.0
 110.000    0.354    1550.0
 115.000    0.351    1530.0
 120.000    0.343    1450.0
 125.000    0.328    1330.0
 130.000    0.307    1170.0
 135.000    0.277     948.0
 140.000    0.235     681.0
 143.074    0.200     495.0
 145.000    0.200     495.0
 150.000    0.200     495.0
 155.000    0.200     495.0
 160.000    0.200     495.0
 165.000    0.200     495.0
 170.000    0.200     495.0
 175.000    0.200     495.0
 176.147    0.200     495.0
 180.000    0.218     588.0
 185.000    0.241     720.0
 190.000    0.265     866.0
 195.000    0.288    1030.0
 200.000    0.311    1200.0
 205.000    0.334    1380.0
 209.221    0.354    1550.0
 210.000    0.370    1700.0
 215.000    0.468    2710.0
 220.000    0.578    4130.0
 225.000    0.710    6240.0
 230.000    0.858    9120.0
 235.000    1.008   12600.0
 240.000    1.151   16400.0
 245.000    1.286   20500.0
 250.000    1.414   24800.0
 255.000    1.536   29200.0
 260.000    1.649   33700.0
 265.000    1.750   37900.0
 270.000    1.826   41300.0
 274.879    1.855   42600.0
 275.000    1.855   42600.0
 280.000    1.845   42100.0
 285.000    1.817   40900.0
 290.000    1.775   39000.0
 295.000    1.722   36700.0
 300.000    1.660   34100.0
 305.000    1.592   31400.0
 310.000    1.520   28600.0
 315.000    1.445   25900.0
 320.000    1.370   23200.0
 325.000    1.294   20700.0
 330.000    1.220   18400.0
 335.000    1.147   16300.0
 340.000    1.077   14400.0
 345.000    1.010   12600.0
 350.000    0.945   11100.0
 355.000    0.884    9670.0
 360.000    0.825    8430.0
 365.000    0.770    7340.0
 370.000    0.718    6390.0
 375.000    0.669    5550.0
 380.000    0.623    4810.0
 385.000    0.580    4170.0
 390.000    0.540    3610.0
 395.000    0.502    3120.0
 400.000    0.467    2700.0
 405.000    0.434    2330.0
 410.000    0.404    2020.0
 415.000    0.375    1740.0
 420.000    0.348    1500.0
 425.000    0.324    1300.0
 430.000    0.301    1120.0
 435.000    0.279     965.0
 440.000    0.259     832.0
 445.000    0.241     717.0
 450.000    0.223     618.0
 455.000    0.208     533.0
===
